30 60
31 60
32 60
33 60
34 60
35 60
36 60
37 60
38 60
39 60
40 60
41 60
42 60
43 60
44 60
45 60
46 60
47 60
48 60
49 60
50 60
51 60
52 60
53 60
54 60
55 60
56 60
57 60
58 60
59 60
60 60
61 60
61 61
62 61
62 62
63 62
63 63
64 63
64 64
65 64
65 65
66 65
66 66
67 66
67 67
68 67
68 68
69 68
69 69
70 69
70 70
71 70
71 71
72 71
72 72
73 72
73 73
74 73
74 74
75 74
76 74
77 74
78 74
79 74
80 74
81 74
82 74
83 74
84 74
85 74
86 74
87 74
88 74
89 74
90 74
91 74
92 74
93 74
94 74
95 74
96 74
97 74
98 74
99 74
100 74
101 74
102 74
103 74
104 74
105 74
106 74
107 74
108 74
108 75
108 76
108 77
109 77
110 77
111 77
112 77
113 77
114 77
115 77
116 77
117 77
118 77
119 77
120 77
121 77
122 77
123 77
124 77
125 77
126 77
127 77
128 77
129 77
130 77
131 77
132 77
133 77
134 77
135 77
136 77
137 77
138 77
139 77
140 77
141 77
142 77
143 77
144 77
145 77
146 77
147 77
148 77
149 77
150 77
151 77
152 77
153 77
154 77
155 77
156 77
157 77
158 77
159 77
160 77
161 77
162 77
163 77
164 77
165 77
166 77
167 77
168 77
169 77
170 77
171 77
172 77
173 77
174 77
175 77
176 77
177 77
178 77
179 77
180 77
181 77
182 77
182 78
182 79
182 80
183 80
184 80
185 80
186 80
187 80
188 80
189 80
190 80
191 80
192 80
193 80
194 80
195 80
196 80
197 80
198 80
199 80
200 80
201 80
202 80
203 80
204 80
205 80
206 80
207 80
208 80
209 80
210 80
211 80
212 80
213 80
214 80
215 80
216 80
217 80
218 80
219 80
220 80
221 80
222 80
223 80
224 80
225 80
226 80
227 80
228 80
229 80
230 80
231 80
232 80
233 80
234 80
235 80
236 80
237 80
238 80
239 80
240 80
241 80
242 80
243 80
244 80
245 80
246 80
247 80
248 80
249 80
250 80
251 80
252 80
253 80
254 80
255 80
256 80
257 80
258 80
259 80
260 80
261 80
262 80
263 80
264 80
265 80
266 80
267 80
268 80
269 80
270 80
271 80
272 80
273 80
274 80
275 80
276 80
277 80
278 80
279 80
280 80
281 80
282 80
283 80
284 80
285 80
286 80
287 80
288 80
289 80
290 80
291 80
292 80
293 80
294 80
295 80
296 80
297 80
298 80
299 80
300 80
301 80
302 80
303 80
304 80
305 80
306 80
307 80
308 80
309 80
310 80
311 80
312 80
313 80
314 80
315 80
316 80
317 80
318 80
319 80
320 80
321 80
322 80
323 80
324 80
325 80
326 80
327 80
328 80
329 80
330 80
331 80
332 80
333 80
334 80
335 80
336 80
337 80
338 80
339 80
340 80
341 80
342 80
343 80
344 80
345 80
346 80
347 80
348 80
349 80
350 80
351 80
352 80
353 80
354 80
355 80
356 80
357 80
358 80
359 80
360 80
361 80
362 80
363 80
364 80
365 80
366 80
367 80
368 80
369 80
370 80
371 80
372 80
373 80
374 80
375 80
376 80
377 80
378 80
379 80
380 80
381 80
382 80
383 80
384 80
385 80
386 80
387 80
388 80
389 80
390 80
391 80
392 80
393 80
394 80
395 80
396 80
397 80
398 80
399 80
400 80
401 80
402 80
403 80
404 80
405 80
406 80
407 80
408 80
409 80
410 80
411 80
412 80
413 80
414 80
415 80
416 80
417 80
418 80
419 80
420 80
421 80
422 80
423 80
424 80
425 80
426 80
427 80
428 80
429 80
430 80
431 80
432 80
433 80
434 80
435 80
436 80
437 80
438 80
439 80
440 80
441 80
442 80
443 80
444 80
445 80
446 80
447 80
448 80
449 80
450 80
451 80
452 80
453 80
454 80
455 80
456 80
457 80
458 80
459 80
460 80
461 80
462 80
463 80
464 80
465 80
466 80
467 80
468 80
469 80
470 80
471 80
472 80
473 80
474 80
475 80
476 80
477 80
478 80
479 80
480 80
481 80
482 80
483 80
484 80
485 80
486 80
487 80
488 80
489 80
490 80
491 80
492 80
493 80
494 80
495 80
496 80
497 80
498 80
499 80
500 80
501 80
502 80
503 80
504 80
505 80
506 80
507 80
508 80
509 80
510 80
511 80
512 80
513 80
514 80
515 80
516 80
517 80
518 80
519 80
520 80
521 80
522 80
523 80
524 80
525 80
526 80
527 80
528 80
529 80
530 80
531 80
532 80
533 80
534 80
535 80
536 80
537 80
538 80
539 80
540 80
541 80
542 80
543 80
544 80
545 80
546 80
547 80
548 80
549 80
550 80
551 80
552 80
553 80
554 80
555 80
556 80
557 80
558 80
559 80
560 80
561 80
562 80
563 80
564 80
565 80
566 80
567 80
568 80
569 80
570 80
571 80
572 80
573 80
574 80
575 80
576 80
577 80
578 80
579 80
580 80
581 80
582 80
583 80
583 81
583 82
583 83
583 84
583 85
583 86
583 87
583 88
583 89
583 90
583 91
583 92
583 93
583 94
583 95
583 96
583 97
583 98
583 99
583 100
583 101
583 102
583 103
583 104
583 105
583 106
583 107
583 108
583 109
583 110
583 111
583 112
583 113
583 114
583 115
583 116
583 117
583 118
583 119
583 120
583 121
584 121
585 121
586 121
587 121
587 122
587 123
587 124
587 125
587 126
587 127
587 128
587 129
587 130
587 131
587 132
587 133
587 134
587 135
587 136
587 137
587 138
587 139
587 140
587 141
587 142
587 143
587 144
587 145
587 146
587 147
587 148
587 149
587 150
587 151
587 152
587 153
587 154
587 155
587 156
587 157
587 158
587 159
587 160
587 161
587 162
587 163
587 164
587 165
587 166
587 167
587 168
587 169
587 170
587 171
587 172
587 173
587 174
587 175
587 176
587 177
587 178
587 179
587 180
587 181
587 182
587 183
587 184
587 185
587 186
587 187
587 188
587 189
587 190
587 191
587 192
587 193
587 194
587 195
587 196
587 197
587 198
587 199
587 200
587 201
587 202
587 203
588 203
589 203
590 203
590 204
590 205
590 206
590 207
590 208
590 209
590 210
590 211
590 212
590 213
590 214
590 215
590 216
590 217
590 218
590 219
590 220
590 221
590 222
590 223
590 224
590 225
590 226
590 227
590 228
590 229
590 230
590 231
590 232
590 233
590 234
590 235
590 236
590 237
590 238
590 239
590 240
590 241
590 242
590 243
590 244
590 245
590 246
590 247
590 248
590 249
590 250
590 251
590 252
590 253
590 254
590 255
590 256
590 257
590 258
590 259
590 260
590 261
590 262
590 263
590 264
590 265
590 266
590 267
590 268
590 269
590 270
590 271
590 272
590 273
590 274
590 275
590 276
590 277
590 278
590 279
590 280
590 281
590 282
590 283
590 284
590 285
590 286
590 287
590 288
590 289
590 290
590 291
590 292
590 293
590 294
590 295
590 296
590 297
590 298
590 299
590 300
590 301
590 302
590 303
590 304
590 305
590 306
590 307
590 308
590 309
590 310
590 311
590 312
590 313
590 314
590 315
590 316
590 317
590 318
590 319
590 320
590 321
590 322
590 323
590 324
590 325
590 326
590 327
590 328
590 329
590 330
590 331
590 332
590 333
590 334
590 335
590 336
590 337
590 338
590 339
590 340
590 341
590 342
590 343
590 344
590 345
590 346
590 347
590 348
590 349
590 350
590 351
590 352
590 353
590 354
590 355
590 356
590 357
590 358
590 359
590 360
590 361
590 362
590 363
590 364
590 365
590 366
590 367
590 368
590 369
590 370
590 371
590 372
590 373
590 374
590 375
590 376
590 377
590 378
590 379
590 380
590 381
590 382
590 383
590 384
590 385
590 386
590 387
590 388
590 389
590 390
590 391
590 392
590 393
590 394
590 395
590 396
590 397
590 398
590 399
590 400
590 401
590 402
590 403
590 404
590 405
590 406
590 407
590 408
590 409
590 410
590 411
590 412
590 413
591 413
592 413
593 413
593 414
593 415
593 416
593 417
593 418
593 419
593 420
593 421
593 422
593 423
593 424
593 425
593 426
593 427
593 428
593 429
593 430
593 431
593 432
593 433
593 434
593 435
593 436
593 437
593 438
593 439
593 440
593 441
593 442
593 443
593 444
593 445
593 446
593 447
593 448
593 449
593 450
593 451
593 452
593 453
593 454
593 455
593 456
593 457
593 458
593 459
593 460
593 461
593 462
593 463
593 464
593 465
593 466
593 467
593 468
593 469
593 470
593 471
593 472
593 473
593 474
593 475
593 476
593 477
593 478
593 479
593 480
593 481
593 482
593 483
593 484
593 485
593 486
593 487
593 488
593 489
593 490
593 491
593 492
593 493
593 494
593 495
593 496
593 497
593 498
593 499
593 500
593 501
593 502
593 503
593 504
593 505
593 506
593 507
593 508
593 509
593 510
593 511
593 512
593 513
593 514
593 515
593 516
593 517
593 518
593 519
593 520
593 521
593 522
593 523
593 524
593 525
593 526
593 527
593 528
593 529
593 530
593 531
593 532
593 533
593 534
593 535
593 536
593 537
593 538
593 539
593 540
593 541
593 542
593 543
593 544
593 545
593 546
593 547
593 548
593 549
593 550
593 551
593 552
593 553
593 554
593 555
593 556
593 557
593 558
593 559
593 560
593 561
593 562
593 563
593 564
593 565
593 566
593 567
593 568
593 569
593 570
593 571
593 572
593 573
593 574
593 575
593 576
593 577
593 578
593 579
593 580
593 581
593 582
593 583
593 584
593 585
593 586
593 587
593 588
593 589
593 590
593 591
593 592
593 593
594 593
594 594
595 594
595 595
596 595
596 596
597 596
597 597
598 597
598 598
599 598
599 599
600 599
600 600
601 600
601 601
602 601
602 602
603 602
603 603
604 603
604 604
605 604
605 605
606 605
606 606
607 606
607 607
608 607
608 608
609 608
609 609
610 609
610 610
611 610
611 611
612 611
612 612
613 612
613 613
614 613
614 614
615 614
615 615
616 615
616 616
617 616
617 617
618 617
618 618
619 618
619 619
620 619
620 620
621 620
621 621
622 621
622 622
623 622
623 623
624 623
624 624
625 624
625 625
626 625
626 626
627 626
627 627
627 628
627 629
627 630
627 631
627 632
627 633
628 633
629 633
630 633
631 633
632 633
633 633
634 633
634 634
635 634
635 635
636 635
636 636
637 636
637 637
638 637
638 638
639 638
639 639
640 639
640 640
641 640
641 641
642 641
642 642
643 642
643 643
644 643
644 644
645 644
645 645
646 645
646 646
647 646
647 647
648 647
648 648
649 648
649 649
650 649
650 650
651 650
651 651
652 651
652 652
653 652
653 653
654 653
654 654
655 654
655 655
656 655
656 656
657 656
657 657
658 657
658 658
659 658
659 659
660 659
660 660
661 660
661 661
662 661
663 661
664 661
665 661
666 661
667 661
668 661
669 661
670 661
671 661
672 661
673 661
674 661
675 661
676 661
677 661
678 661
679 661
680 661
681 661
682 661
683 661
684 661
685 661
686 661
687 661
688 661
689 661
690 661
691 661
692 661
693 661
694 661
695 661
696 661
697 661
698 661
699 661
700 661
701 661
702 661
703 661
704 661
705 661
706 661
707 661
708 661
709 661
710 661
711 661
712 661
713 661
714 661
715 661
716 661
717 661
718 661
719 661
720 661
721 661
722 661
723 661
724 661
725 661
726 661
727 661
728 661
729 661
730 661
731 661
732 661
733 661
734 661
735 661
736 661
737 661
738 661
739 661
740 661
741 661
742 661
743 661
744 661
745 661
746 661
747 661
748 661
749 661
750 661
751 661
752 661
753 661
754 661
755 661
756 661
757 661
758 661
759 661
760 661
761 661
762 661
763 661
764 661
765 661
766 661
767 661
768 661
769 661
770 661
771 661
772 661
773 661
774 661
775 661
776 661
777 661
778 661
779 661
780 661
781 661
782 661
783 661
784 661
785 661
786 661
787 661
788 661
789 661
790 661
791 661
792 661
793 661
794 661
795 661
796 661
797 661
798 661
799 661
800 661
801 661
802 661
803 661
804 661
805 661
806 661
807 661
808 661
809 661
810 661
811 661
812 661
813 661
814 661
815 661
816 661
817 661
818 661
819 661
820 661
821 661
822 661
823 661
824 661
825 661
826 661
827 661
828 661
829 661
830 661
831 661
832 661
833 661
834 661
835 661
836 661
837 661
838 661
839 661
840 661
841 661
842 661
843 661
844 661
845 661
846 661
847 661
848 661
849 661
850 661
851 661
852 661
853 661
854 661
855 661
856 661
857 661
858 661
859 661
860 661
861 661
862 661
863 661
864 661
865 661
866 661
867 661
868 661
869 661
870 661
871 661
872 661
873 661
874 661
875 661
876 661
877 661
878 661
879 661
880 661
881 661
882 661
883 661
884 661
885 661
886 661
886 662
886 663
886 664
886 665
886 666
886 667
886 668
886 669
886 670
886 671
886 672
886 673
886 674
886 675
886 676
886 677
886 678
886 679
886 680
886 681
886 682
886 683
886 684
886 685
886 686
886 687
886 688
886 689
886 690
886 691
886 692
886 693
886 694
886 695
886 696
886 697
886 698
886 699
886 700
886 701
886 702
886 703
886 704
886 705
886 706
886 707
886 708
886 709
886 710
886 711
886 712
886 713
886 714
886 715
886 716
886 717
886 718
886 719
886 720
886 721
886 722
886 723
886 724
886 725
886 726
886 727
886 728
886 729
886 730
886 731
886 732
886 733
886 734
886 735
886 736
886 737
886 738
886 739
886 740
886 741
886 742
887 742
888 742
889 742
889 743
889 744
889 745
889 746
889 747
889 748
889 749
889 750
889 751
889 752
889 753
889 754
889 755
889 756
889 757
889 758
889 759
889 760
889 761
889 762
889 763
889 764
889 765
889 766
889 767
889 768
889 769
889 770
889 771
889 772
889 773
889 774
889 775
889 776
889 777
889 778
889 779
889 780
889 781
889 782
889 783
889 784
889 785
889 786
889 787
889 788
889 789
889 790
889 791
889 792
889 793
889 794
889 795
889 796
889 797
889 798
889 799
889 800
889 801
889 802
889 803
889 804
889 805
889 806
889 807
889 808
889 809
889 810
889 811
889 812
889 813
889 814
889 815
889 816
889 817
889 818
889 819
889 820
889 821
889 822
889 823
889 824
889 825
889 826
889 827
889 828
889 829
889 830
889 831
889 832
889 833
889 834
889 835
889 836
889 837
889 838
889 839
889 840
889 841
889 842
889 843
889 844
889 845
889 846
889 847
889 848
889 849
889 850
889 851
889 852
889 853
889 854
889 855
889 856
889 857
890 857
891 857
892 857
892 858
892 859
892 860
892 861
892 862
892 863
892 864
892 865
892 866
892 867
892 868
892 869
892 870
892 871
892 872
892 873
892 874
892 875
892 876
892 877
892 878
892 879
892 880
892 881
892 882
892 883
892 884
892 885
892 886
892 887
892 888
892 889
892 890
892 891
892 892
893 892
893 893
894 893
894 894
895 894
895 895
896 895
896 896
897 896
897 897
898 897
898 898
899 898
899 899
900 899
900 900
901 900
901 901
902 901
902 902
903 902
903 903
904 903
904 904
905 904
905 905
906 905
906 906
907 906
907 907
908 907
908 908
909 908
909 909
910 909
910 910
911 910
911 911
912 911
912 912
913 912
913 913
914 913
914 914
915 914
915 915
916 915
916 916
917 916
917 917
918 917
918 918
919 918
919 919
920 919
920 920
921 920
921 921
922 921
922 922
923 922
923 923
924 923
924 924
925 924
925 925
926 925
926 926
926 927
926 928
926 929
926 930
926 931
926 932
926 933
926 934
926 935
926 936
926 937
926 938
926 939
926 940
926 941
926 942
926 943
926 944
926 945
926 946
926 947
926 948
926 949
926 950
926 951
926 952
926 953
926 954
926 955
926 956
926 957
926 958
926 959
926 960
926 961
926 962
926 963
926 964
926 965
926 966
926 967
926 968
926 969
926 970
926 971
926 972
926 973
926 974
926 975
926 976
926 977
926 978
926 979
926 980
926 981
926 982
926 983
926 984
926 985
926 986
926 987
926 988
926 989
926 990
926 991
926 992
926 993
926 994
926 995
926 996
926 997
926 998
926 999
926 1000
926 1001
926 1002
926 1003
926 1004
926 1005
926 1006
926 1007
926 1008
926 1009
926 1010
926 1011
926 1012
926 1013
926 1014
926 1015
926 1016
926 1017
926 1018
926 1019
926 1020
926 1021
926 1022
926 1023
926 1024
926 1025
926 1026
926 1027
926 1028
926 1029
926 1030
926 1031
926 1032
927 1032
928 1032
929 1032
929 1033
929 1034
929 1035
929 1036
929 1037
929 1038
929 1039
929 1040
929 1041
929 1042
929 1043
929 1044
929 1045
929 1046
929 1047
929 1048
929 1049
929 1050
929 1051
929 1052
929 1053
929 1054
929 1055
929 1056
929 1057
929 1058
929 1059
929 1060
929 1061
929 1062
930 1062
931 1062
931 1063
931 1064
931 1065
932 1065
933 1065
934 1065
935 1065
936 1065
937 1065
938 1065
939 1065
940 1065
941 1065
942 1065
943 1065
944 1065
945 1065
946 1065
947 1065
948 1065
949 1065
950 1065
951 1065
952 1065
953 1065
954 1065
955 1065
955 1066
955 1067
955 1068
956 1068
957 1068
958 1068
959 1068
960 1068
961 1068
962 1068
963 1068
964 1068
965 1068
966 1068
967 1068
968 1068
969 1068
970 1068
971 1068
972 1068
973 1068
974 1068
975 1068
976 1068
977 1068
978 1068
979 1068
980 1068
980 1069
980 1070
980 1071
981 1071
982 1071
983 1071
984 1071
985 1071
986 1071
987 1071
988 1071
989 1071
990 1071
991 1071
992 1071
993 1071
994 1071
995 1071
996 1071
997 1071
998 1071
999 1071
1000 1071
1001 1071
1002 1071
1003 1071
1004 1071
1005 1071
1006 1071
1007 1071
1008 1071
1009 1071
1010 1071
1011 1071
1011 1072
1011 1073
1011 1074
1012 1074
1013 1074
1014 1074
1015 1074
1016 1074
1017 1074
1018 1074
1019 1074
1020 1074
1021 1074
1022 1074
1023 1074
1024 1074
1025 1074
1026 1074
1027 1074
1028 1074
1029 1074
1030 1074
1031 1074
1032 1074
1033 1074
1034 1074
1035 1074
1036 1074
1037 1074
1038 1074
1039 1074
1040 1074
1041 1074
1042 1074
1042 1075
1042 1076
1042 1077
1042 1078
1043 1078
1044 1078
1045 1078
1046 1078
1047 1078
1048 1078
1049 1078
1050 1078
1051 1078
1052 1078
1053 1078
1054 1078
1055 1078
1056 1078
1057 1078
1058 1078
1059 1078
1060 1078
1061 1078
1062 1078
1063 1078
1064 1078
1065 1078
1066 1078
1066 1079
1066 1080
1066 1081
1067 1081
1068 1081
1069 1081
1070 1081
1071 1081
1072 1081
1073 1081
1074 1081
1075 1081
1076 1081
1077 1081
1078 1081
1079 1081
1080 1081
1081 1081
1082 1081
1082 1082
1083 1082
1083 1083
1084 1083
1084 1084
1085 1084
1085 1085
1086 1085
1086 1086
1087 1086
1087 1087
1088 1087
1088 1088
1089 1088
1089 1089
1090 1089
1090 1090
1091 1090
1091 1091
1092 1091
1092 1092
1093 1092
1093 1093
1094 1093
1094 1094
1095 1094
1095 1095
1096 1095
1096 1096
1097 1096
1097 1097
1098 1097
1098 1098
1099 1098
1099 1099
1100 1099
1100 1100
